{
 "cells": [
  {
   "cell_type": "code",
   "execution_count": 1,
   "id": "75f9acb6-d794-4085-95c9-3b4d7c12a80e",
   "metadata": {
    "scrolled": true
   },
   "outputs": [],
   "source": [
    "import numpy as np\n",
    "import pandas as pd\n",
    "\n",
    "# CRITIC Weight Calculation\n",
    "def calculate_critic_weights(df, criteria_cols):\n",
    "    normalized = df[criteria_cols].copy()\n",
    "    for col in criteria_cols:\n",
    "        normalized[col] = normalized[col] / np.sqrt((normalized[col] ** 2).sum())\n",
    "    std_dev = normalized.std()\n",
    "    correlation_matrix = normalized.corr()\n",
    "    conflict = 1 - correlation_matrix.abs()\n",
    "    conflict_sum = conflict.sum() - 1\n",
    "    critic_weights = std_dev * conflict_sum\n",
    "    critic_weights = critic_weights / critic_weights.sum()\n",
    "    return critic_weights\n",
    "\n",
    "# TOPSIS Function with CRITIC Weights\n",
    "def topsis(df, criteria_cols, benefit_cols, cost_cols, user_row_index):\n",
    "    # Step 1: Calculate CRITIC weights\n",
    "    critic_weights = calculate_critic_weights(df, criteria_cols)\n",
    "\n",
    "    # Step 2: Normalize the decision matrix\n",
    "    decision_matrix = df[criteria_cols].values\n",
    "    norm = np.sqrt((decision_matrix ** 2).sum(axis=0))\n",
    "    normalized_matrix = decision_matrix / norm\n",
    "\n",
    "    # Step 3: Create a weighted normalized decision matrix\n",
    "    weighted_matrix = normalized_matrix * critic_weights.values\n",
    "\n",
    "    # Step 4: Ensure user input is the ideal solution\n",
    "    ideal = weighted_matrix[user_row_index]  # User input as ideal\n",
    "    anti_ideal = []\n",
    "    for i, col in enumerate(criteria_cols):\n",
    "        if col in benefit_cols:\n",
    "            anti_ideal.append(weighted_matrix[:, i].min()) # Ideal Worst for Benefit Criterion\n",
    "        elif col in cost_cols:\n",
    "            anti_ideal.append(weighted_matrix[:, i].max()) # Ideal Worst for Cost Criterion\n",
    "        else:\n",
    "            raise ValueError(f\"Criterion '{col}' must be either benefit or cost.\")\n",
    "    anti_ideal = np.array(anti_ideal)\n",
    "\n",
    "    # Step 5: Calculate the distance to the ideal best and worst\n",
    "    distance_to_ideal = np.sqrt(((weighted_matrix - ideal) ** 2).sum(axis=1))\n",
    "    distance_to_anti_ideal = np.sqrt(((weighted_matrix - anti_ideal) ** 2).sum(axis=1))\n",
    "\n",
    "    # Step 6: Calculate the relative closeness to the ideal solution\n",
    "    relative_closeness = distance_to_anti_ideal / (distance_to_ideal + distance_to_anti_ideal)\n",
    "\n",
    "    # Step 7: Add the TOPSIS score and rank to the DataFrame\n",
    "    df['TOPSIS_Score'] = relative_closeness\n",
    "    df['Rank'] = df['TOPSIS_Score'].rank(ascending=False)\n",
    "\n",
    "    return df, critic_weights\n",
    "\n",
    "# User Input and Data Preparation\n",
    "personal_factors_data = {\n",
    "    \"Risk Level\": [1, 2, 3, 4, 5],\n",
    "    \"Monthly SIP Amount\": [1000, 5000, 10000, 25000, 50000],\n",
    "    \"Age\": [60, 45, 30, 25, 20],\n",
    "    \"Time Horizon\": [1, 3, 5, 10, 20],\n",
    "    \"Debt Level as % of Income\": [50,40,30,20,10],\n",
    "}"
   ]
  },
  {
   "cell_type": "code",
   "execution_count": 2,
   "id": "7237a76d-9bfb-42e7-8265-ddffcf77b7f9",
   "metadata": {},
   "outputs": [],
   "source": [
    "import pandas as pd\n",
    "import numpy as np\n",
    "\n",
    "# Load Data\n",
    "file_path = \"final_ratios1.csv\"\n",
    "df = pd.read_csv(file_path)\n",
    "\n",
    "# Define Criteria\n",
    "cost_criteria = [\"Sharpe\", \"Treynor\"]  \n",
    "benefit_criteria = [\"Drawdown\", \"StdDev\", \"Beta\", \"HHI\"]  \n",
    "\n",
    "# Normalize Data\n",
    "def normalize_matrix(matrix, benefit_criteria):\n",
    "    # Step 1: Shift the data to ensure all values are positive\n",
    "    matrix_shifted = matrix.copy()\n",
    "    for col in matrix.columns:\n",
    "        shift_value = abs(matrix[col].min())  # Absolute value of the smallest element in the column\n",
    "        matrix_shifted[col] = matrix[col] + shift_value  # Shift all values in the column\n",
    "    \n",
    "    # Step 2: Normalize the shifted data\n",
    "    norm_matrix = matrix_shifted.copy()\n",
    "    for col in matrix_shifted.columns:\n",
    "        if col in benefit_criteria:  # Benefit criteria\n",
    "            norm_matrix[col] = matrix_shifted[col] / matrix_shifted[col].sum()\n",
    "        else:  # Cost criteria\n",
    "            norm_matrix[col] = matrix_shifted[col].min() / matrix_shifted[col]\n",
    "    \n",
    "    return norm_matrix\n",
    "\n",
    "# Normalize the dataset\n",
    "normalized_matrix = normalize_matrix(df[benefit_criteria + cost_criteria], benefit_criteria)\n",
    "\n",
    "# Handle Zeros for Logarithmic Calculation\n",
    "normalized_matrix.replace(0, 1e-10, inplace=True)\n",
    "\n",
    "# Calculate Entropy\n",
    "def calculate_entropy(norm_matrix):\n",
    "    k = 1 / np.log(len(norm_matrix))  # Constant k\n",
    "    entropy = -k * (norm_matrix * np.log(norm_matrix)).sum()\n",
    "    diversification = 1 - entropy\n",
    "    weights = diversification / diversification.sum()\n",
    "    return entropy, weights\n",
    "    \n",
    "\n",
    "entropy, weights = calculate_entropy(normalized_matrix)\n",
    "\n",
    "# Calculate Diversification and Weights\n",
    "diversification = 1 - entropy\n",
    "weights = diversification / diversification.sum()"
   ]
  },
  {
   "cell_type": "code",
   "execution_count": 3,
   "id": "d1a97d27-fa73-4ad9-8512-bfe225749e5c",
   "metadata": {},
   "outputs": [],
   "source": [
    "def normalize_matrix(matrix, benefit_criteria):\n",
    "    # Step 1: Shift the data to ensure all values are positive\n",
    "    matrix_shifted = matrix.copy()\n",
    "    for col in matrix.columns:\n",
    "        shift_value = abs(matrix[col].min())  # Absolute value of the smallest element in the column\n",
    "        matrix_shifted[col] = matrix[col] + shift_value  # Shift all values in the column\n",
    "    \n",
    "    # Step 2: Normalize the shifted data\n",
    "    norm_matrix = matrix_shifted.copy()\n",
    "    for col in matrix_shifted.columns:\n",
    "        if col in benefit_criteria:  # Benefit criteria\n",
    "            norm_matrix[col] = matrix_shifted[col] / matrix_shifted[col].sum()\n",
    "        else:  # Cost criteria\n",
    "            norm_matrix[col] = matrix_shifted[col].min() / matrix_shifted[col]\n",
    "    \n",
    "    return norm_matrix\n",
    "\n",
    "def copras(df, benefit_criteria,weights):\n",
    "    # Extract scheme codes and names from the DataFrame\n",
    "    scheme_codes = df['Code']\n",
    "    scheme_names = df['Name']\n",
    "    \n",
    "    # Remove non-numeric columns (i.e., 'Scheme Code' and 'Scheme Name')\n",
    "    matrix = df.drop(columns=['Code', 'Name'])\n",
    "    \n",
    "    # Step 1: Normalize the matrix\n",
    "    norm_matrix = normalize_matrix(matrix, benefit_criteria)\n",
    "\n",
    "    # Step 2: Assign equal weights to all criteria (or set your own)\n",
    "    num_criteria = len(matrix.columns)\n",
    "\n",
    "    # Step 3: Calculate weighted normalized decision matrix\n",
    "    weighted_norm_matrix = norm_matrix * weights\n",
    "\n",
    "    # Step 4: Calculate positive and negative deviations\n",
    "    # Positive deviations (S+): sum of weighted normalized values for each alternative\n",
    "    S_plus = weighted_norm_matrix.max(axis=0) - weighted_norm_matrix\n",
    "    S_plus_sum = S_plus.sum(axis=1)  # Sum of positive deviations for each alternative\n",
    "    \n",
    "    # Negative deviations (S-): sum of weighted normalized values for each alternative\n",
    "    S_minus = weighted_norm_matrix - weighted_norm_matrix.min(axis=0)\n",
    "    S_minus_sum = S_minus.sum(axis=1)  # Sum of negative deviations for each alternative\n",
    "\n",
    "    # Step 5: Calculate COPRAS performance index (P)\n",
    "    P = S_plus_sum / (S_plus_sum + S_minus_sum)\n",
    "\n",
    "    # Step 6: Rank the alternatives based on the performance index\n",
    "    rankings = P.sort_values(ascending=False).index\n",
    "\n",
    "    # Step 7: Attach scheme codes and names to the results\n",
    "    result = pd.DataFrame({\n",
    "        'Code': scheme_codes[rankings],\n",
    "        'Scheme Name': scheme_names[rankings],\n",
    "        'Performance Index': P[rankings].values\n",
    "    })\n",
    "    \n",
    "    # Return the performance indices and rankings\n",
    "    return result\n",
    "\n",
    "# Define which criteria are benefit and which are cost\n",
    "benefit_criteria = [\"Drawdown\", \"StdDev\", \"Beta\", \"HHI\"] \n",
    "\n",
    "# Run COPRAS method\n",
    "result = copras(df, benefit_criteria,weights=weights)\n"
   ]
  },
  {
   "cell_type": "code",
   "execution_count": 4,
   "id": "2cd36fd4-5f05-46b4-b990-d952ad0c030b",
   "metadata": {},
   "outputs": [],
   "source": [
    "result['Risk_Category'] = pd.qcut(result['Performance Index'], q=5, labels=[1, 2, 3, 4, 5])"
   ]
  },
  {
   "cell_type": "code",
   "execution_count": 5,
   "id": "9f6581ea-5aa6-4f8a-bf94-880e165b9d68",
   "metadata": {
    "scrolled": true
   },
   "outputs": [
    {
     "name": "stderr",
     "output_type": "stream",
     "text": [
      "[*********************100%***********************]  1 of 1 completed\n"
     ]
    },
    {
     "name": "stdout",
     "output_type": "stream",
     "text": [
      "Ticker             ^NSEI\n",
      "Date                    \n",
      "2020-01-24  12248.250000\n",
      "2020-01-27  12119.000000\n",
      "2020-01-28  12055.799805\n",
      "2020-01-29  12129.500000\n",
      "2020-01-30  12035.799805\n",
      "\n",
      "Processing Scheme Code: 147559\n",
      "NAV Data Head:\n",
      "                 nav  dayChange\n",
      "date                           \n",
      "23-08-2023  12.92400     0.0022\n",
      "22-08-2023  12.92180     0.0022\n",
      "21-08-2023  12.91960     0.0023\n",
      "20-08-2023  12.91730     0.0043\n",
      "18-08-2023  12.91300     0.0022\n",
      "NAV Data After Reset:\n",
      "        date      nav  dayChange\n",
      "0 2023-08-23  12.9240     0.0022\n",
      "1 2023-08-22  12.9218     0.0022\n",
      "2 2023-08-21  12.9196     0.0023\n",
      "3 2023-08-20  12.9173     0.0043\n",
      "4 2023-08-18  12.9130     0.0022\n",
      "3-Year Start NAV: 11.9197\n",
      "5-Year Start NAV: 10.4916\n",
      "End NAV: 12.924\n",
      "\n",
      "Processing Scheme Code: 147560\n",
      "NAV Data Head:\n",
      "                 nav  dayChange\n",
      "date                           \n",
      "23-08-2023  13.05580     0.0024\n",
      "22-08-2023  13.05340     0.0023\n",
      "21-08-2023  13.05110     0.0024\n",
      "20-08-2023  13.04870     0.0045\n",
      "18-08-2023  13.04420     0.0023\n",
      "NAV Data After Reset:\n",
      "        date      nav  dayChange\n",
      "0 2023-08-23  13.0558     0.0024\n",
      "1 2023-08-22  13.0534     0.0023\n",
      "2 2023-08-21  13.0511     0.0024\n",
      "3 2023-08-20  13.0487     0.0045\n",
      "4 2023-08-18  13.0442     0.0023\n",
      "3-Year Start NAV: 11.994\n",
      "5-Year Start NAV: 10.5045\n",
      "End NAV: 13.0558\n",
      "\n",
      "Processing Scheme Code: 113142\n",
      "NAV Data Head:\n",
      "                 nav  dayChange\n",
      "date                           \n",
      "14-11-2024  26.12850     0.0152\n",
      "13-11-2024  26.11330    -0.0513\n",
      "12-11-2024  26.16460     0.0029\n",
      "11-11-2024  26.16170     0.0133\n",
      "08-11-2024  26.14840    -0.0177\n",
      "NAV Data After Reset:\n",
      "        date      nav  dayChange\n",
      "0 2024-11-14  26.1285     0.0152\n",
      "1 2024-11-13  26.1133    -0.0513\n",
      "2 2024-11-12  26.1646     0.0029\n",
      "3 2024-11-11  26.1617     0.0133\n",
      "4 2024-11-08  26.1484    -0.0177\n",
      "3-Year Start NAV: 22.2504\n",
      "5-Year Start NAV: 20.0546\n",
      "End NAV: 26.1285\n",
      "\n",
      "Processing Scheme Code: 119156\n",
      "NAV Data Head:\n",
      "                 nav  dayChange\n",
      "date                           \n",
      "14-11-2024  31.45350     0.0197\n",
      "13-11-2024  31.43380    -0.0602\n",
      "12-11-2024  31.49400     0.0049\n",
      "11-11-2024  31.48910     0.0203\n",
      "08-11-2024  31.46880    -0.0199\n",
      "NAV Data After Reset:\n",
      "        date      nav  dayChange\n",
      "0 2024-11-14  31.4535     0.0197\n",
      "1 2024-11-13  31.4338    -0.0602\n",
      "2 2024-11-12  31.4940     0.0049\n",
      "3 2024-11-11  31.4891     0.0203\n",
      "4 2024-11-08  31.4688    -0.0199\n",
      "3-Year Start NAV: 25.5616\n",
      "5-Year Start NAV: 22.2588\n",
      "End NAV: 31.4535\n",
      "\n",
      "Processing Scheme Code: 146173\n",
      "NAV Data Head:\n",
      "                 nav  dayChange\n",
      "date                           \n",
      "23-06-2023  13.46600     0.0072\n",
      "22-06-2023  13.45880     0.0022\n",
      "21-06-2023  13.45660     0.0021\n",
      "20-06-2023  13.45450     0.0022\n",
      "19-06-2023  13.45230     0.0023\n",
      "NAV Data After Reset:\n",
      "        date      nav  dayChange\n",
      "0 2023-06-23  13.4660     0.0072\n",
      "1 2023-06-22  13.4588     0.0022\n",
      "2 2023-06-21  13.4566     0.0021\n",
      "3 2023-06-20  13.4545     0.0022\n",
      "4 2023-06-19  13.4523     0.0023\n",
      "3-Year Start NAV: 12.4987\n",
      "5-Year Start NAV: 11.0696\n",
      "End NAV: 13.466\n",
      "\n",
      "Processing Scheme Code: 146174\n",
      "NAV Data Head:\n",
      "                 nav  dayChange\n",
      "date                           \n",
      "23-06-2023  13.61450     0.0073\n",
      "22-06-2023  13.60720     0.0023\n",
      "21-06-2023  13.60490     0.0023\n",
      "20-06-2023  13.60260     0.0023\n",
      "19-06-2023  13.60030     0.0024\n",
      "NAV Data After Reset:\n",
      "        date      nav  dayChange\n",
      "0 2023-06-23  13.6145     0.0073\n",
      "1 2023-06-22  13.6072     0.0023\n",
      "2 2023-06-21  13.6049     0.0023\n",
      "3 2023-06-20  13.6026     0.0023\n",
      "4 2023-06-19  13.6003     0.0024\n",
      "3-Year Start NAV: 12.5927\n",
      "5-Year Start NAV: 11.0974\n",
      "End NAV: 13.6145\n",
      "\n",
      "Processing Scheme Code: 146655\n",
      "NAV Data Head:\n",
      "                 nav  dayChange\n",
      "date                           \n",
      "22-06-2023  13.37820     0.0025\n",
      "21-06-2023  13.37570     0.0021\n",
      "20-06-2023  13.37360     0.0022\n",
      "19-06-2023  13.37140     0.0023\n",
      "18-06-2023  13.36910     0.0022\n",
      "NAV Data After Reset:\n",
      "        date      nav  dayChange\n",
      "0 2023-06-22  13.3782     0.0025\n",
      "1 2023-06-21  13.3757     0.0021\n",
      "2 2023-06-20  13.3736     0.0022\n",
      "3 2023-06-19  13.3714     0.0023\n",
      "4 2023-06-18  13.3691     0.0022\n",
      "3-Year Start NAV: 12.4264\n",
      "5-Year Start NAV: 10.8616\n",
      "End NAV: 13.3782\n",
      "\n",
      "Processing Scheme Code: 146656\n",
      "NAV Data Head:\n",
      "                 nav  dayChange\n",
      "date                           \n",
      "22-06-2023  13.52280     0.0027\n",
      "21-06-2023  13.52010     0.0022\n",
      "20-06-2023  13.51790     0.0023\n",
      "19-06-2023  13.51560     0.0024\n",
      "18-06-2023  13.51320     0.0024\n",
      "NAV Data After Reset:\n",
      "        date      nav  dayChange\n",
      "0 2023-06-22  13.5228     0.0027\n",
      "1 2023-06-21  13.5201     0.0022\n",
      "2 2023-06-20  13.5179     0.0023\n",
      "3 2023-06-19  13.5156     0.0024\n",
      "4 2023-06-18  13.5132     0.0024\n",
      "3-Year Start NAV: 12.5156\n",
      "5-Year Start NAV: 10.8851\n",
      "End NAV: 13.5228\n",
      "\n",
      "Processing Scheme Code: 100781\n",
      "NAV Data Head:\n",
      "                 nav  dayChange\n",
      "date                           \n",
      "28-06-2024  35.62060     0.0163\n",
      "27-06-2024  35.60430     0.0027\n",
      "26-06-2024  35.60160    -0.0132\n",
      "25-06-2024  35.61480     0.0011\n",
      "24-06-2024  35.61370     0.0185\n",
      "NAV Data After Reset:\n",
      "        date      nav  dayChange\n",
      "0 2024-06-28  35.6206     0.0163\n",
      "1 2024-06-27  35.6043     0.0027\n",
      "2 2024-06-26  35.6016    -0.0132\n",
      "3 2024-06-25  35.6148     0.0011\n",
      "4 2024-06-24  35.6137     0.0185\n",
      "3-Year Start NAV: 31.2482\n",
      "5-Year Start NAV: 28.3494\n",
      "End NAV: 35.6206\n",
      "\n",
      "Processing Scheme Code: 146369\n",
      "NAV Data Head:\n",
      "                 nav  dayChange\n",
      "date                           \n",
      "23-05-2023  13.42140     0.0022\n",
      "22-05-2023  13.41920     0.0022\n",
      "21-05-2023  13.41700     0.0043\n",
      "19-05-2023  13.41270     0.0021\n",
      "18-05-2023  13.41060     0.0022\n",
      "NAV Data After Reset:\n",
      "        date      nav  dayChange\n",
      "0 2023-05-23  13.4214     0.0022\n",
      "1 2023-05-22  13.4192     0.0022\n",
      "2 2023-05-21  13.4170     0.0043\n",
      "3 2023-05-19  13.4127     0.0021\n",
      "4 2023-05-18  13.4106     0.0022\n",
      "3-Year Start NAV: 12.5299\n",
      "5-Year Start NAV: 11.03\n",
      "End NAV: 13.4214\n",
      "\n",
      "Processing Scheme Code: 146367\n",
      "NAV Data Head:\n",
      "                 nav  dayChange\n",
      "date                           \n",
      "23-05-2023  13.56560     0.0023\n",
      "22-05-2023  13.56330     0.0023\n",
      "21-05-2023  13.56100     0.0045\n",
      "19-05-2023  13.55650     0.0023\n",
      "18-05-2023  13.55420     0.0022\n",
      "NAV Data After Reset:\n",
      "        date      nav  dayChange\n",
      "0 2023-05-23  13.5656     0.0023\n",
      "1 2023-05-22  13.5633     0.0023\n",
      "2 2023-05-21  13.5610     0.0045\n",
      "3 2023-05-19  13.5565     0.0023\n",
      "4 2023-05-18  13.5542     0.0022\n",
      "3-Year Start NAV: 12.6223\n",
      "5-Year Start NAV: 11.056\n",
      "End NAV: 13.5656\n",
      "\n",
      "Processing Scheme Code: 146493\n",
      "NAV Data Head:\n",
      "                 nav  dayChange\n",
      "date                           \n",
      "23-05-2023  13.42590     0.0021\n",
      "22-05-2023  13.42380     0.0022\n",
      "21-05-2023  13.42160     0.0043\n",
      "19-05-2023  13.41730     0.0022\n",
      "18-05-2023  13.41510     0.0021\n",
      "NAV Data After Reset:\n",
      "        date      nav  dayChange\n",
      "0 2023-05-23  13.4259     0.0021\n",
      "1 2023-05-22  13.4238     0.0022\n",
      "2 2023-05-21  13.4216     0.0043\n",
      "3 2023-05-19  13.4173     0.0022\n",
      "4 2023-05-18  13.4151     0.0021\n",
      "3-Year Start NAV: 12.5312\n",
      "5-Year Start NAV: 10.985\n",
      "End NAV: 13.4259\n",
      "\n",
      "Processing Scheme Code: 146495\n",
      "NAV Data Head:\n",
      "                 nav  dayChange\n",
      "date                           \n",
      "23-05-2023  13.56850     0.0023\n",
      "22-05-2023  13.56620     0.0023\n",
      "21-05-2023  13.56390     0.0046\n",
      "19-05-2023  13.55930     0.0022\n",
      "18-05-2023  13.55710     0.0023\n",
      "NAV Data After Reset:\n",
      "        date      nav  dayChange\n",
      "0 2023-05-23  13.5685     0.0023\n",
      "1 2023-05-22  13.5662     0.0023\n",
      "2 2023-05-21  13.5639     0.0046\n",
      "3 2023-05-19  13.5593     0.0022\n",
      "4 2023-05-18  13.5571     0.0023\n",
      "3-Year Start NAV: 12.623\n",
      "5-Year Start NAV: 11.0104\n",
      "End NAV: 13.5685\n",
      "\n",
      "Processing Scheme Code: 147643\n",
      "NAV Data Head:\n",
      "                 nav  dayChange\n",
      "date                           \n",
      "14-06-2023  12.91390     0.0027\n",
      "13-06-2023  12.91120     0.0019\n",
      "12-06-2023  12.90930     0.0018\n",
      "11-06-2023  12.90750     0.0038\n",
      "09-06-2023  12.90370     0.0018\n",
      "NAV Data After Reset:\n",
      "        date      nav  dayChange\n",
      "0 2023-06-14  12.9139     0.0027\n",
      "1 2023-06-13  12.9112     0.0019\n",
      "2 2023-06-12  12.9093     0.0018\n",
      "3 2023-06-11  12.9075     0.0038\n",
      "4 2023-06-09  12.9037     0.0018\n",
      "3-Year Start NAV: 12.2218\n",
      "5-Year Start NAV: 10.3681\n",
      "End NAV: 12.9139\n",
      "\n",
      "Processing Scheme Code: 147644\n",
      "NAV Data Head:\n",
      "                 nav  dayChange\n",
      "date                           \n",
      "14-06-2023  13.18260     0.0029\n",
      "13-06-2023  13.17970     0.0021\n",
      "12-06-2023  13.17760     0.0020\n",
      "11-06-2023  13.17560     0.0042\n",
      "09-06-2023  13.17140     0.0021\n",
      "NAV Data After Reset:\n",
      "        date      nav  dayChange\n",
      "0 2023-06-14  13.1826     0.0029\n",
      "1 2023-06-13  13.1797     0.0021\n",
      "2 2023-06-12  13.1776     0.0020\n",
      "3 2023-06-11  13.1756     0.0042\n",
      "4 2023-06-09  13.1714     0.0021\n",
      "3-Year Start NAV: 12.3984\n",
      "5-Year Start NAV: 10.3922\n",
      "End NAV: 13.1826\n",
      "\n",
      "Processing Scheme Code: 147632\n",
      "NAV Data Head:\n",
      "                 nav  dayChange\n",
      "date                           \n",
      "24-05-2023  13.00430     0.0021\n",
      "23-05-2023  13.00220     0.0019\n",
      "22-05-2023  13.00030     0.0018\n",
      "21-05-2023  12.99850     0.0037\n",
      "19-05-2023  12.99480     0.0020\n",
      "NAV Data After Reset:\n",
      "        date      nav  dayChange\n",
      "0 2023-05-24  13.0043     0.0021\n",
      "1 2023-05-23  13.0022     0.0019\n",
      "2 2023-05-22  13.0003     0.0018\n",
      "3 2023-05-21  12.9985     0.0037\n",
      "4 2023-05-19  12.9948     0.0020\n",
      "3-Year Start NAV: 12.3994\n",
      "5-Year Start NAV: 10.4738\n",
      "End NAV: 13.0043\n",
      "\n",
      "Processing Scheme Code: 147631\n",
      "NAV Data Head:\n",
      "                 nav  dayChange\n",
      "date                           \n",
      "24-05-2023  13.26860     0.0024\n",
      "23-05-2023  13.26620     0.0020\n",
      "22-05-2023  13.26420     0.0021\n",
      "21-05-2023  13.26210     0.0041\n",
      "19-05-2023  13.25800     0.0021\n",
      "NAV Data After Reset:\n",
      "        date      nav  dayChange\n",
      "0 2023-05-24  13.2686     0.0024\n",
      "1 2023-05-23  13.2662     0.0020\n",
      "2 2023-05-22  13.2642     0.0021\n",
      "3 2023-05-21  13.2621     0.0041\n",
      "4 2023-05-19  13.2580     0.0021\n",
      "3-Year Start NAV: 12.5759\n",
      "5-Year Start NAV: 10.5017\n",
      "End NAV: 13.2686\n",
      "\n",
      "Processing Scheme Code: 147941\n",
      "NAV Data Head:\n",
      "                 nav  dayChange\n",
      "date                           \n",
      "19-07-2023  12.54310     0.0026\n",
      "18-07-2023  12.54050     0.0018\n",
      "17-07-2023  12.53870     0.0018\n",
      "16-07-2023  12.53690     0.0036\n",
      "14-07-2023  12.53330     0.0018\n",
      "NAV Data After Reset:\n",
      "        date      nav  dayChange\n",
      "0 2023-07-19  12.5431     0.0026\n",
      "1 2023-07-18  12.5405     0.0018\n",
      "2 2023-07-17  12.5387     0.0018\n",
      "3 2023-07-16  12.5369     0.0036\n",
      "4 2023-07-14  12.5333     0.0018\n",
      "3-Year Start NAV: 11.768\n",
      "5-Year Start NAV: nan\n",
      "End NAV: 12.5431\n",
      "\n",
      "Processing Scheme Code: 147942\n",
      "NAV Data Head:\n",
      "                 nav  dayChange\n",
      "date                           \n",
      "19-07-2023  12.82690     0.0029\n",
      "18-07-2023  12.82400     0.0020\n",
      "17-07-2023  12.82200     0.0020\n",
      "16-07-2023  12.82000     0.0041\n",
      "14-07-2023  12.81590     0.0020\n",
      "NAV Data After Reset:\n",
      "        date      nav  dayChange\n",
      "0 2023-07-19  12.8269     0.0029\n",
      "1 2023-07-18  12.8240     0.0020\n",
      "2 2023-07-17  12.8220     0.0020\n",
      "3 2023-07-16  12.8200     0.0041\n",
      "4 2023-07-14  12.8159     0.0020\n",
      "3-Year Start NAV: 11.9357\n",
      "5-Year Start NAV: nan\n",
      "End NAV: 12.8269\n",
      "\n",
      "Processing Scheme Code: 147872\n",
      "NAV Data Head:\n",
      "                 nav  dayChange\n",
      "date                           \n",
      "25-04-2023  12.28310     0.0021\n",
      "24-04-2023  12.28100     0.0021\n",
      "23-04-2023  12.27890     0.0046\n",
      "21-04-2023  12.27430     0.0025\n",
      "20-04-2023  12.27180     0.0021\n",
      "NAV Data After Reset:\n",
      "        date      nav  dayChange\n",
      "0 2023-04-25  12.2831     0.0021\n",
      "1 2023-04-24  12.2810     0.0021\n",
      "2 2023-04-23  12.2789     0.0046\n",
      "3 2023-04-21  12.2743     0.0025\n",
      "4 2023-04-20  12.2718     0.0021\n",
      "3-Year Start NAV: 11.5919\n",
      "5-Year Start NAV: 10.0388\n",
      "End NAV: 12.2831\n",
      "\n",
      "Processing Scheme Code: 147873\n",
      "NAV Data Head:\n",
      "                 nav  dayChange\n",
      "date                           \n",
      "25-04-2023  12.38470     0.0022\n",
      "24-04-2023  12.38250     0.0022\n",
      "23-04-2023  12.38030     0.0048\n",
      "21-04-2023  12.37550     0.0026\n",
      "20-04-2023  12.37290     0.0022\n",
      "NAV Data After Reset:\n",
      "        date      nav  dayChange\n",
      "0 2023-04-25  12.3847     0.0022\n",
      "1 2023-04-24  12.3825     0.0022\n",
      "2 2023-04-23  12.3803     0.0048\n",
      "3 2023-04-21  12.3755     0.0026\n",
      "4 2023-04-20  12.3729     0.0022\n",
      "3-Year Start NAV: 11.6513\n",
      "5-Year Start NAV: 10.0399\n",
      "End NAV: 12.3847\n",
      "\n",
      "Processing Scheme Code: 148367\n",
      "NAV Data Head:\n",
      "                 nav  dayChange\n",
      "date                           \n",
      "31-05-2023  11.80680     0.0019\n",
      "30-05-2023  11.80490     0.0019\n",
      "29-05-2023  11.80300     0.0019\n",
      "28-05-2023  11.80110     0.0038\n",
      "26-05-2023  11.79730     0.0019\n",
      "NAV Data After Reset:\n",
      "        date      nav  dayChange\n",
      "0 2023-05-31  11.8068     0.0019\n",
      "1 2023-05-30  11.8049     0.0019\n",
      "2 2023-05-29  11.8030     0.0019\n",
      "3 2023-05-28  11.8011     0.0038\n",
      "4 2023-05-26  11.7973     0.0019\n",
      "3-Year Start NAV: 11.088\n",
      "5-Year Start NAV: nan\n",
      "End NAV: 11.8068\n",
      "\n",
      "Processing Scheme Code: 148369\n",
      "NAV Data Head:\n",
      "                 nav  dayChange\n",
      "date                           \n",
      "31-05-2023  11.89920     0.0019\n",
      "30-05-2023  11.89730     0.0020\n",
      "29-05-2023  11.89530     0.0020\n",
      "28-05-2023  11.89330     0.0040\n",
      "26-05-2023  11.88930     0.0020\n",
      "NAV Data After Reset:\n",
      "        date      nav  dayChange\n",
      "0 2023-05-31  11.8992     0.0019\n",
      "1 2023-05-30  11.8973     0.0020\n",
      "2 2023-05-29  11.8953     0.0020\n",
      "3 2023-05-28  11.8933     0.0040\n",
      "4 2023-05-26  11.8893     0.0020\n",
      "3-Year Start NAV: 11.1372\n",
      "5-Year Start NAV: nan\n",
      "End NAV: 11.8992\n",
      "\n",
      "Processing Scheme Code: 148383\n",
      "NAV Data Head:\n",
      "                 nav  dayChange\n",
      "date                           \n",
      "30-05-2023  11.66220     0.0019\n",
      "29-05-2023  11.66030     0.0018\n",
      "28-05-2023  11.65850     0.0038\n",
      "26-05-2023  11.65470     0.0018\n",
      "25-05-2023  11.65290     0.0019\n",
      "NAV Data After Reset:\n",
      "        date      nav  dayChange\n",
      "0 2023-05-30  11.6622     0.0019\n",
      "1 2023-05-29  11.6603     0.0018\n",
      "2 2023-05-28  11.6585     0.0038\n",
      "3 2023-05-26  11.6547     0.0018\n",
      "4 2023-05-25  11.6529     0.0019\n",
      "3-Year Start NAV: 10.9545\n",
      "5-Year Start NAV: nan\n",
      "End NAV: 11.6622\n",
      "\n",
      "Processing Scheme Code: 148385\n",
      "NAV Data Head:\n",
      "                 nav  dayChange\n",
      "date                           \n",
      "30-05-2023  11.75260     0.0019\n",
      "29-05-2023  11.75070     0.0020\n",
      "28-05-2023  11.74870     0.0039\n",
      "26-05-2023  11.74480     0.0020\n",
      "25-05-2023  11.74280     0.0019\n",
      "NAV Data After Reset:\n",
      "        date      nav  dayChange\n",
      "0 2023-05-30  11.7526     0.0019\n",
      "1 2023-05-29  11.7507     0.0020\n",
      "2 2023-05-28  11.7487     0.0039\n",
      "3 2023-05-26  11.7448     0.0020\n",
      "4 2023-05-25  11.7428     0.0019\n",
      "3-Year Start NAV: 11.0024\n",
      "5-Year Start NAV: nan\n",
      "End NAV: 11.7526\n",
      "\n",
      "Processing Scheme Code: 148057\n",
      "NAV Data Head:\n",
      "                 nav  dayChange\n",
      "date                           \n",
      "25-04-2023  12.08370     0.0021\n",
      "24-04-2023  12.08160     0.0021\n",
      "23-04-2023  12.07950     0.0045\n",
      "21-04-2023  12.07500     0.0024\n",
      "20-04-2023  12.07260     0.0021\n",
      "NAV Data After Reset:\n",
      "        date      nav  dayChange\n",
      "0 2023-04-25  12.0837     0.0021\n",
      "1 2023-04-24  12.0816     0.0021\n",
      "2 2023-04-23  12.0795     0.0045\n",
      "3 2023-04-21  12.0750     0.0024\n",
      "4 2023-04-20  12.0726     0.0021\n",
      "3-Year Start NAV: 11.3961\n",
      "5-Year Start NAV: nan\n",
      "End NAV: 12.0837\n",
      "\n",
      "Processing Scheme Code: 148056\n",
      "NAV Data Head:\n",
      "                 nav  dayChange\n",
      "date                           \n",
      "25-04-2023  12.17870     0.0022\n",
      "24-04-2023  12.17650     0.0022\n",
      "23-04-2023  12.17430     0.0047\n",
      "21-04-2023  12.16960     0.0026\n",
      "20-04-2023  12.16700     0.0021\n",
      "NAV Data After Reset:\n",
      "        date      nav  dayChange\n",
      "0 2023-04-25  12.1787     0.0022\n",
      "1 2023-04-24  12.1765     0.0022\n",
      "2 2023-04-23  12.1743     0.0047\n",
      "3 2023-04-21  12.1696     0.0026\n",
      "4 2023-04-20  12.1670     0.0021\n",
      "3-Year Start NAV: 11.4513\n",
      "5-Year Start NAV: nan\n",
      "End NAV: 12.1787\n",
      "\n",
      "Processing Scheme Code: 148171\n",
      "NAV Data Head:\n",
      "                 nav  dayChange\n",
      "date                           \n",
      "27-07-2023  12.81550     0.0018\n",
      "26-07-2023  12.81370     0.0018\n",
      "25-07-2023  12.81190     0.0019\n",
      "24-07-2023  12.81000     0.0019\n",
      "23-07-2023  12.80810     0.0038\n",
      "NAV Data After Reset:\n",
      "        date      nav  dayChange\n",
      "0 2023-07-27  12.8155     0.0018\n",
      "1 2023-07-26  12.8137     0.0018\n",
      "2 2023-07-25  12.8119     0.0019\n",
      "3 2023-07-24  12.8100     0.0019\n",
      "4 2023-07-23  12.8081     0.0038\n",
      "3-Year Start NAV: 12.028\n",
      "5-Year Start NAV: nan\n",
      "End NAV: 12.8155\n",
      "\n",
      "Processing Scheme Code: 148172\n",
      "NAV Data Head:\n",
      "                 nav  dayChange\n",
      "date                           \n",
      "27-07-2023  13.10160     0.0020\n",
      "26-07-2023  13.09960     0.0021\n",
      "25-07-2023  13.09750     0.0022\n",
      "24-07-2023  13.09530     0.0021\n",
      "23-07-2023  13.09320     0.0043\n",
      "NAV Data After Reset:\n",
      "        date      nav  dayChange\n",
      "0 2023-07-27  13.1016     0.0020\n",
      "1 2023-07-26  13.0996     0.0021\n",
      "2 2023-07-25  13.0975     0.0022\n",
      "3 2023-07-24  13.0953     0.0021\n",
      "4 2023-07-23  13.0932     0.0043\n",
      "3-Year Start NAV: 12.1889\n",
      "5-Year Start NAV: nan\n",
      "End NAV: 13.1016\n",
      "\n",
      "Processing Scheme Code: 148195\n",
      "NAV Data Head:\n",
      "                 nav  dayChange\n",
      "date                           \n",
      "19-05-2023  12.21640     0.0062\n",
      "18-05-2023  12.21020     0.0019\n",
      "17-05-2023  12.20830     0.0021\n",
      "16-05-2023  12.20620     0.0021\n",
      "15-05-2023  12.20410     0.0021\n",
      "NAV Data After Reset:\n",
      "        date      nav  dayChange\n",
      "0 2023-05-19  12.2164     0.0062\n",
      "1 2023-05-18  12.2102     0.0019\n",
      "2 2023-05-17  12.2083     0.0021\n",
      "3 2023-05-16  12.2062     0.0021\n",
      "4 2023-05-15  12.2041     0.0021\n",
      "3-Year Start NAV: 11.4724\n",
      "5-Year Start NAV: nan\n",
      "End NAV: 12.2164\n",
      "\n",
      "Processing Scheme Code: 148193\n",
      "NAV Data Head:\n",
      "                 nav  dayChange\n",
      "date                           \n",
      "19-05-2023  12.31380     0.0063\n",
      "18-05-2023  12.30750     0.0020\n",
      "17-05-2023  12.30550     0.0022\n",
      "16-05-2023  12.30330     0.0022\n",
      "15-05-2023  12.30110     0.0022\n",
      "NAV Data After Reset:\n",
      "        date      nav  dayChange\n",
      "0 2023-05-19  12.3138     0.0063\n",
      "1 2023-05-18  12.3075     0.0020\n",
      "2 2023-05-17  12.3055     0.0022\n",
      "3 2023-05-16  12.3033     0.0022\n",
      "4 2023-05-15  12.3011     0.0022\n",
      "3-Year Start NAV: 11.5259\n",
      "5-Year Start NAV: nan\n",
      "End NAV: 12.3138\n",
      "\n",
      "Processing Scheme Code: 147785\n",
      "NAV Data Head:\n",
      "                 nav  dayChange\n",
      "date                           \n",
      "20-12-2022  12.02850     0.0020\n",
      "19-12-2022  12.02650     0.0020\n",
      "18-12-2022  12.02450     0.0039\n",
      "16-12-2022  12.02060     0.0020\n",
      "15-12-2022  12.01860     0.0018\n",
      "NAV Data After Reset:\n",
      "        date      nav  dayChange\n",
      "0 2022-12-20  12.0285     0.0020\n",
      "1 2022-12-19  12.0265     0.0020\n",
      "2 2022-12-18  12.0245     0.0039\n",
      "3 2022-12-16  12.0206     0.0020\n",
      "4 2022-12-15  12.0186     0.0018\n",
      "3-Year Start NAV: 11.5533\n",
      "5-Year Start NAV: 10.0983\n",
      "End NAV: 12.0285\n",
      "\n",
      "Processing Scheme Code: 147783\n",
      "NAV Data Head:\n",
      "                 nav  dayChange\n",
      "date                           \n",
      "20-12-2022  12.12110     0.0021\n",
      "19-12-2022  12.11900     0.0021\n",
      "18-12-2022  12.11690     0.0041\n",
      "16-12-2022  12.11280     0.0020\n",
      "15-12-2022  12.11080     0.0020\n",
      "NAV Data After Reset:\n",
      "        date      nav  dayChange\n",
      "0 2022-12-20  12.1211     0.0021\n",
      "1 2022-12-19  12.1190     0.0021\n",
      "2 2022-12-18  12.1169     0.0041\n",
      "3 2022-12-16  12.1128     0.0020\n",
      "4 2022-12-15  12.1108     0.0020\n",
      "3-Year Start NAV: 11.6158\n",
      "5-Year Start NAV: 10.1023\n",
      "End NAV: 12.1211\n",
      "\n",
      "Processing Scheme Code: 147790\n",
      "NAV Data Head:\n",
      "                 nav  dayChange\n",
      "date                           \n",
      "19-12-2022  12.05650     0.0029\n",
      "18-12-2022  12.05360     0.0040\n",
      "16-12-2022  12.04960     0.0020\n",
      "15-12-2022  12.04760     0.0019\n",
      "14-12-2022  12.04570     0.0018\n",
      "NAV Data After Reset:\n",
      "        date      nav  dayChange\n",
      "0 2022-12-19  12.0565     0.0029\n",
      "1 2022-12-18  12.0536     0.0040\n",
      "2 2022-12-16  12.0496     0.0020\n",
      "3 2022-12-15  12.0476     0.0019\n",
      "4 2022-12-14  12.0457     0.0018\n",
      "3-Year Start NAV: 11.5828\n",
      "5-Year Start NAV: 10.0986\n",
      "End NAV: 12.0565\n",
      "\n",
      "Processing Scheme Code: 147792\n",
      "NAV Data Head:\n",
      "                 nav  dayChange\n",
      "date                           \n",
      "19-12-2022  12.14860     0.0030\n",
      "18-12-2022  12.14560     0.0042\n",
      "16-12-2022  12.14140     0.0020\n",
      "15-12-2022  12.13940     0.0020\n",
      "14-12-2022  12.13740     0.0020\n",
      "NAV Data After Reset:\n",
      "        date      nav  dayChange\n",
      "0 2022-12-19  12.1486     0.0030\n",
      "1 2022-12-18  12.1456     0.0042\n",
      "2 2022-12-16  12.1414     0.0020\n",
      "3 2022-12-15  12.1394     0.0020\n",
      "4 2022-12-14  12.1374     0.0020\n",
      "3-Year Start NAV: 11.645\n",
      "5-Year Start NAV: 10.1022\n",
      "End NAV: 12.1486\n",
      "\n",
      "Processing Scheme Code: 147762\n",
      "NAV Data Head:\n",
      "                 nav  dayChange\n",
      "date                           \n",
      "23-11-2022  12.04480     0.0037\n",
      "22-11-2022  12.04110     0.0019\n",
      "21-11-2022  12.03920     0.0019\n",
      "20-11-2022  12.03730     0.0036\n",
      "18-11-2022  12.03370     0.0018\n",
      "NAV Data After Reset:\n",
      "        date      nav  dayChange\n",
      "0 2022-11-23  12.0448     0.0037\n",
      "1 2022-11-22  12.0411     0.0019\n",
      "2 2022-11-21  12.0392     0.0019\n",
      "3 2022-11-20  12.0373     0.0036\n",
      "4 2022-11-18  12.0337     0.0018\n",
      "3-Year Start NAV: 11.6126\n",
      "5-Year Start NAV: 10.1389\n",
      "End NAV: 12.0448\n",
      "\n",
      "Processing Scheme Code: 147764\n",
      "NAV Data Head:\n",
      "                 nav  dayChange\n",
      "date                           \n",
      "23-11-2022  12.13610     0.0038\n",
      "22-11-2022  12.13230     0.0020\n",
      "21-11-2022  12.13030     0.0020\n",
      "20-11-2022  12.12830     0.0038\n",
      "18-11-2022  12.12450     0.0019\n",
      "NAV Data After Reset:\n",
      "        date      nav  dayChange\n",
      "0 2022-11-23  12.1361     0.0038\n",
      "1 2022-11-22  12.1323     0.0020\n",
      "2 2022-11-21  12.1303     0.0020\n",
      "3 2022-11-20  12.1283     0.0038\n",
      "4 2022-11-18  12.1245     0.0019\n",
      "3-Year Start NAV: 11.6765\n",
      "5-Year Start NAV: 10.1439\n",
      "End NAV: 12.1361\n",
      "\n",
      "Processing Scheme Code: 147752\n",
      "NAV Data Head:\n",
      "                 nav  dayChange\n",
      "date                           \n",
      "14-11-2022  12.04960     0.0044\n",
      "13-11-2022  12.04520     0.0035\n",
      "11-11-2022  12.04170     0.0017\n",
      "10-11-2022  12.04000     0.0018\n",
      "09-11-2022  12.03820     0.0018\n",
      "NAV Data After Reset:\n",
      "        date      nav  dayChange\n",
      "0 2022-11-14  12.0496     0.0044\n",
      "1 2022-11-13  12.0452     0.0035\n",
      "2 2022-11-11  12.0417     0.0017\n",
      "3 2022-11-10  12.0400     0.0018\n",
      "4 2022-11-09  12.0382     0.0018\n",
      "3-Year Start NAV: 11.6306\n",
      "5-Year Start NAV: 10.157\n",
      "End NAV: 12.0496\n",
      "\n",
      "Processing Scheme Code: 147754\n",
      "NAV Data Head:\n",
      "                 nav  dayChange\n",
      "date                           \n",
      "14-11-2022  12.14110     0.0045\n",
      "13-11-2022  12.13660     0.0036\n",
      "11-11-2022  12.13300     0.0019\n",
      "10-11-2022  12.13110     0.0018\n",
      "09-11-2022  12.12930     0.0019\n",
      "NAV Data After Reset:\n",
      "        date      nav  dayChange\n",
      "0 2022-11-14  12.1411     0.0045\n",
